68.92960927144598,179.53594437650523
1254.8268424177402,152.11823959465355
1.3758312884264892,1.4981440120577583
41.31503738579093,14.953909924775857
307.17212882052854,108.3589573690618
722.2950668389474,220.64955096891728
7.482713234416184,4.776893937201809
1.623695455149004,4.08453628309395
50.94657200389103,132.6751982106583
7.577213385879059,8.175435583010632
5.960722284370243,5.20498841151022
33.6865394987667,21.42002990522169
33.6865394987667,21.42002990522169
147.85259887322044,175.30308936778277
21.528845499843456,20.305684163649744
100.64014209262504,18.752262276542307
518.8061202966019,120.2792351494438
31.436908507899854,36.35548841489795
52.67749635462263,49.283017118205045
112.39071029588253,-495.4759219199402
3.719957120985665,5.476352876308214
343.13638846713843,213.0899602791232
681.1412573274448,-389.74634558532944
217.67717198423205,149.91051618731714
251.57462503219003,-190.98053206344576
582.9578959305536,220.2644445442989
56.95925566465121,29.836395788277617
63.065637705917496,41.745498100043285
13071.980612338186,-149.91581448990456
54.259692110342925,99.0497344016367
54.259692110342925,99.0497344016367
54.259692110342925,99.0497344016367
57.31191291963811,148.9080571757925
1254.8268424177402,152.11823959465355
231.43792469239125,221.24005226184346
17.57544463450441,13.893853397038068
1254.8268424177402,152.11823959465355
21.995872780902836,17.78904551717082
248.28347408470557,144.914109343405
43.992438962303204,67.29526088324741
741.8622054666821,607.3702362290422
89.0266131573402,50.31270771011545
576.5031236296784,406.6140418891343
1254.8268424177402,152.11823959465355
1224.2312251215674,11.20141412644016
33.70698806868981,87.44868710059731
53.420553219959615,15.684617418911778
53.420553219959615,15.684617418911778
23.992114347035034,-21.66489762348763
161.80475712657133,117.53413191016428
95.15876048843393,83.75305774205245
7.362700867783896,2.8473223639977596
60.243837348541,119.5760115639137
45.98513183414797,128.4749635289386
13147.444504198049,4198.969863272942
294.06052907943314,240.13238966945207
872.139934688109,336.6349200552003
3698.7264024390383,381.5827524356971
306.3921529464958,243.5839752265407
45.98513183414797,128.4749635289386
45.98513183414797,128.4749635289386
2615.231653869221,189.36055300027678
87.78788434860967,197.92942512290585
82.5549419806823,119.46863938636541
45.98513183414797,128.4749635289386
114.81922919622068,319.19659277714874
9202.007649407373,1970.8233897522164
9202.007649407373,1970.8233897522164
45.98513183414797,128.4749635289386
284.2139060351387,256.9706361104225
267.1366026584274,273.44952144527605
45.98513183414797,128.4749635289386
13.137711105084852,18.79699431936425
28.45916837627168,78.8774249724195
23.808524166324542,16.949406343640383
33.70698806868981,87.44868710059731
95.72619557036106,51.38522195319544
25.348146956129966,78.84513337586553
325.7558115669572,138.2012542343283
421.0505833007521,165.36983457253564
71.76734817496234,124.14472797319698
38.417343037947475,1.9448826949582538
73.60204017884257,203.4173800589978
12.493648013773988,-3.013216328547691
12.493648013773988,-3.013216328547691
174.79330567893356,91.46550369392615
174.79330567893356,91.46550369392615
174.79330567893356,91.46550369392615
1254.8268424177402,152.11823959465355
2298.996555528327,280.57894313924174
252.6406372995567,304.3819380067608
16.262435151026324,60.782907181860004
1718.4786038259858,486.24999524056096
3.8961729997291146,8.720741461496631
105.95571414292121,-96.88431717039244
641.4080766399405,232.85927208476755
68.87629514684106,-57.47236732739481
13.109333852510566,47.80564340403263
75.37718109200884,162.35576335651425
5.884017944738217,17.140531979627074
435.51427862967455,196.7451296462044
320.43412209835606,201.82400857197487
18.554712347117547,29.699783010509073
18.554712347117547,29.699783010509073
24.024390851680796,60.87904610914779
77.19325771197711,75.32980352119776
5.529082168005411,9.54499739410142
337.0220545410971,180.740669954045
26.564710724246833,29.200611706122338
147.85259887322044,175.30308936778277
38.81673084133933,56.66102488301104
498.292837518209,-258.7667183504597
498.292837518209,-258.7667183504597
28.45916837627168,78.8774249724195
19.56981553921844,30.220103147221916
18.55884874777553,55.65955788002264
31.436908507899854,36.35548841489795
13071.980612338186,-149.91581448990456
1318.1422793488857,-1783.764066431707
248.23884100079428,112.6928033894891
41.9913797130007,-17.495829435866305
43.01322303607527,-17.019408328996693
14.916932564853608,44.050001733219844
234.02972092761655,129.4292680100919
66.71967072279331,117.55979650685833
115.37645713273454,91.72909117577599
72.83029138920476,80.35340367319894
58.05018156574071,0.5607386599080226
408.62765165458774,1070.844272405121
222.96982911438306,-243.49023594881803
17630.378594125523,-3513.084324094237
58.03036276130075,-28.059153340878556
9.443645880408857,-3.7098051634212745
45.98513183414797,128.4749635289386
1.6891380242407534,3.3002239751348643
74.71775827036504,124.64185808755875
15.981919186571428,41.49873848687167
5897.98555889399,1567.3587969549187
3979.8201300035303,1391.757104336716
33821.135098625375,10055.475516300241
5897.98555889399,1567.3587969549187
1.938273896257778,4.466360256436847
1.938273896257778,4.466360256436847
86.93209786044444,173.38466671547928
86.93209786044444,173.38466671547928
294.06052907943314,240.13238966945207
56.84871386703992,116.17481346530352
411.9306922455305,211.9629006496788
134.7706810095669,-70.38124543813879
134.7706810095669,-70.38124543813879
134.7706810095669,-70.38124543813879
20.42958665614269,27.004985768033503
3.1727985125021503,4.5346224933561965
172.19357134334808,-73.2492161390891
582.9578959305536,220.2644445442989
582.9578959305536,220.2644445442989
21.569540570715066,60.89880413556862
337.0220545410971,180.740669954045
23.64521874010741,58.729841282929286
23.64521874010741,58.729841282929286
10820.543003496321,-16271.74249806985
582.9578959305536,220.2644445442989
237.01853896666927,137.47310556813525
237.01853896666927,137.47310556813525
68.02657044445142,141.56513051810848
107.25387401644987,132.77157608206477
237.01853896666927,137.47310556813525
657.5732275283489,353.4890974113426
151.2834674368237,110.59301497140825
151.2834674368237,110.59301497140825
151.2834674368237,110.59301497140825
237.01853896666927,137.47310556813525
1628.86067869609,355.2978530737926
505.90235502700875,287.5741610622487
55.1923959283007,74.06450496803106
6.349602097738123,-2.875117568924338
6.349602097738123,-2.875117568924338
6.349602097738123,-2.875117568924338
103.70447536076473,74.10271933948073
21.785085260355324,8.15181023645367
63.02303863330399,99.97405209689418
1452.9666770947738,153.47146575826613
110.63515268860925,193.28676483110485
104.17493233749038,157.971223088694
318.63219022171035,351.1865739514475
58.0515578212902,112.57651805560562
58.0515578212902,112.57651805560562
234.00423637324565,315.6190984758121
336.66813531074126,208.3309668203543
2635.2625586450167,419.3827780264876
658.7081447753033,232.18588611076243
1404.357337328589,60.6663586595966
43.67839575985759,43.702568709476985
336.66813531074126,208.3309668203543
242.868863843907,-12.492862985804178
336.66813531074126,208.3309668203543
336.66813531074126,208.3309668203543
336.66813531074126,208.3309668203543
336.66813531074126,208.3309668203543
600.2099384638796,353.4539370827811
2472.053551525842,400.4587988863584
842.4545771695058,294.0426619221319
12.857915519009342,27.545032770680105
2349.3430122877476,761.3145593089371
336.66813531074126,208.3309668203543
3580.5448901558034,398.4772909958802
112.68827564847393,232.85838435156097
336.66813531074126,208.3309668203543
4418.11477463161,718.4992058420181
272.04002030504006,148.73632888634341
11099.960236567458,530.378325251975
905.4011890216108,216.94276719019706
1252.4476418543704,-429.3639808905025
59.18282930263843,119.76460470407032
1422.0219787114343,381.71741013252216
336.66813531074126,208.3309668203543
14.975514618949648,8.866582041131549
358.54063445242843,72.918738095936
3442.915919447181,57.39776977452259
2028.9024730627618,537.194577899444
46.95675377424064,14.774196885762937
2028.9024730627618,537.194577899444
7.068145755833254,1.7172162866773208
95.15876048843393,83.75305774205245
343.13638846713843,213.0899602791232
58.92474167578572,121.76492401819523
36.47571880764122,79.6782968187393
101.56329584393968,18.167491844074
95.72619557036106,51.38522195319544
0.3387638811030545,0.13445983420544466
22.066774815372074,45.28266158035789
81.676842808272,218.30775911066897
24.87033860743429,74.97176112177647
52.40643034277041,78.47272411627674
14.386078887949544,21.5415320323512
14.386078887949544,21.5415320323512
56.199662528462184,150.21176097781478
14.386078887949544,21.5415320323512
81.676842808272,218.30775911066897
14.386078887949544,21.5415320323512
14.386078887949544,21.5415320323512
34.0005410674903,97.34778723764202
14.386078887949544,21.5415320323512
32.42423961688625,73.18977689054532
55.1923959283007,74.06450496803106
35.93367138008311,14.024197277306614
31.65139656769022,77.02219104668382
234.04238159800713,17.665101809691112
19.834347700609005,31.748043959002775
33.6865394987667,21.42002990522169
7.817203058511357,-0.6951207849691441
357.94368324840354,196.63073852536186
10.396362138084125,18.760042596409615
4.055709719460388,3.7477188965644004
1254.8268424177402,152.11823959465355
2.6957625599501682,10.068953475514355
767.3193961306569,336.3986142270711
15.82490293964517,58.916534164214
15.82490293964517,58.916534164214
2.6957625599501682,10.068953475514355
96.78739831851787,211.29986209935072
9.930167661519548,33.7331058525274
70.23640446054578,199.76998002841552
80.8643032532743,227.00200967239547
15.933847545138384,59.531447571826426
70.23640446054578,199.76998002841552
21.626849807546133,80.72630628045938
99.33208756806387,123.71830494171445
7.242125007716568,2.7438867418874247
7.242125007716568,2.7438867418874247
7.242125007716568,2.7438867418874247
1.98108228763918,5.4499204714072595
1.98108228763918,5.4499204714072595
7.242125007716568,2.7438867418874247
5.911752656466021,18.757139167220487
25.348146956129966,78.84513337586553
858.7646531242863,284.75102984674953
86.28295437112205,86.34903274765642
652.8554779046704,270.0220539363236
13071.980612338186,-149.91581448990456
7427.598854804869,2440.644264929438
210.49693510022877,23.31145401626059
1.6508894385544906,2.937435954533289
328.5334240568683,-785.9487915298413
340.0392477827939,74.19387824180728
126.58741307106612,-16.95369035104369
16.084148011261984,60.10524326880964
734.418480590285,-585.7008317432405
328.5334240568683,-785.9487915298413
100.64243420146528,207.53740819761381
60.006388209936446,127.10364837616069
224.12188938594906,160.80915967326118
1427.5836829029186,756.8588490971731
23.042087782267597,71.22338864402
490.04813515435575,-1299.1180340048134
336.66813531074126,208.3309668203543
127.51999959261799,98.63395215649288
147.85259887322044,175.30308936778277
147.85259887322044,175.30308936778277
16.262435151026324,60.782907181860004
2214.1211436680283,-1871.1962065246807
2214.1211436680283,-1871.1962065246807
33.64425974691516,50.69812153693255
44.16435344830897,67.17371193222687
29.877512735459348,54.25176819417366
77.46593900189193,-55.93079563666581
76.57148644067951,-73.9649366546424
151.0612338787624,110.04145350922632
49.07511057382616,49.51297930282488
3.2898811241501047,8.243593121506382
105.12803837484958,137.25093363789102
281.8413325943783,146.01442577342002
18.46248313353931,7.937503920432229
281.8413325943783,146.01442577342002
31.95563642060871,52.35132068229833
203.49566443481714,74.35996261240722
210.80073833798264,-142.01145256561452
281.41101770754636,150.65837240353858
10.08613690587063,0.9010122670624757
95.15876048843393,83.75305774205245
360.2197460268823,203.5865830683781
47.16141585307243,54.44951650334188
71.76734817496234,124.14472797319698
1.623695455149004,4.08453628309395
36.75182646813283,8.983420713150817
175.80415625508385,20.39910024167738
24.275589145943066,0.9062325097551942
16730.452002468614,-19127.980563595982
181.54823171662525,235.83172979450862
181.54823171662525,235.83172979450862
181.54823171662525,235.83172979450862
23.992114347035034,-21.66489762348763
66.39351192645425,-11.362873053085897
2.1335934921885893,3.5200655473191635
1702.797656416167,-26.296668519680146
1404.357337328589,60.6663586595966
195.4305982277981,149.5699138841084
195.4305982277981,149.5699138841084
195.4305982277981,149.5699138841084
365.00858439791176,111.13771937993916
365.00858439791176,111.13771937993916
195.4305982277981,149.5699138841084
1218.3040552777509,143.11395534503208
74.33652150156747,113.0296798398183
5.60475659467769,5.305395820122405
724.5132126095791,268.1408451519777
22.066774815372074,45.28266158035789
45.47488506741283,16.059286767084437
45.47488506741283,16.059286767084437
139.45319103854348,81.96251996788499
843.8091238987408,18.75905329696579
843.8091238987408,18.75905329696579
31.320503104451177,86.59299892306046
54.448988361774184,112.14913683432873
70.17382004456034,84.12375760477944
2.7928517233261307,5.373441381775335
41.28426322801933,67.49402348431542
109.69757646277985,-6.457898851254403
330.9399725690343,160.74215033567978
279.5226470153407,168.33628259571287
14.386078887949544,21.5415320323512
72.58281961674398,103.46262494735157
72.58281961674398,103.46262494735157
252.6406372995567,304.3819380067608
252.6406372995567,304.3819380067608
252.6406372995567,304.3819380067608
75.26870075895278,59.803597269714714
167.66101885565288,210.15758820235035
247.53176517830062,287.0662761741908
122.99551629364107,110.90278362758264
180.2663214117944,314.71621161817836
652.8554779046704,270.0220539363236
355.17543093755916,82.72995317471498
210.80073833798264,-142.01145256561452
389.77481411519915,104.87571456170998
6.229470989536538,10.264924023676393
210.80073833798264,-142.01145256561452
306.3921529464958,243.5839752265407
14.975514618949648,8.866582041131549
55.87143781760164,39.47797521808158
16.262435151026324,60.782907181860004
532.6593167832666,211.7716365330781
491.1431114247666,181.7016626950337
14.269140251757069,30.66103137363725
95.15876048843393,83.75305774205245
337.0220545410971,180.740669954045
674.044108992879,361.48133962464533
3.9284507056995546,4.398744270662415
730.186660676828,-317.0723970235158
4.089243365465792,6.764246447596152
4.089243365465792,6.764246447596152
64.37548285750488,29.806249908429223
64.37548285750488,29.806249908429223
39.47227261734455,44.14451431614558
160.09393302352206,56.58602948600178
42.8055277683895,64.63826233679579
58.92474167578572,121.76492401819523
868.7608598012077,519.6066897352157
147.85259887322044,175.30308936778277
343.13638846713843,213.0899602791232
203.49566443481714,74.35996261240722
203.49566443481714,74.35996261240722
67.13371673201159,67.27607548928019
337.0220545410971,180.740669954045
70.17382004456034,84.12375760477944
58.92474167578572,121.76492401819523
38.283656209468475,87.48290886707022
38.283656209468475,87.48290886707022
430.9568552954176,343.7618061898872
389.294001788982,262.88555661660837
109.69757646277985,-6.457898851254403
78.02898791874456,167.80071770225948
433.72673901597483,18.75419243934727
109.69757646277985,-6.457898851254403
109.69757646277985,-6.457898851254403
109.69757646277985,-6.457898851254403
109.69757646277985,-6.457898851254403
56.95925566465121,29.836395788277617
109.69757646277985,-6.457898851254403
109.69757646277985,-6.457898851254403
147.85259887322044,175.30308936778277
147.85259887322044,175.30308936778277
109.69757646277985,-6.457898851254403
8.192860026266965,27.682761439253685
27.049394895903347,40.105294794226964
147.85259887322044,175.30308936778277
10.76512525711029,0.6884670444177663
42.522455664096555,73.45222943836356
95.10510063874219,66.43558072168365
2.831469420330576,5.5814790478620635
1.3752810225169652,1.975862058905696
30.534890540455894,70.15709108558846
1.3752810225169652,1.975862058905696
18377.035411568584,538.0977528410527
255.62380453226663,140.61897300106477
150.93042907007595,15.107797607021771
8744.214179459295,3285.307528798748
21.00225785479867,63.14872490659566
0.5379161084137453,0.87341802869347
62.86617063264687,100.49665078792856
71.76734817496234,124.14472797319698
341.7666370515201,200.09501438694195
83.7125461634009,148.03294964126366
275.4693483122048,124.85469374533942
5885.896802943517,119.81354217014517
5885.896802943517,119.81354217014517
18.554712347117547,29.699783010509073
31.436908507899854,36.35548841489795
67.75883638414528,-55.76469508212134
67.75883638414528,-55.76469508212134
665.1208337952905,273.91282065913293
665.1208337952905,273.91282065913293
2380.6851678536264,301.24421296401954
124.68591670533391,45.924655826956794
37.72340230660813,-9.680341149716241
15.803457374196862,59.03747443173914
13.137711105084852,18.79699431936425
343.13638846713843,213.0899602791232
37.201333068956174,-29.87517015439954
1254.8268424177402,152.11823959465355
221.52630117821215,232.8336360875967
67.54304015570602,-34.130480778567446
7158.758769357516,201.46981884155184
109.14593043572891,107.97830071423355
3158.912891477159,1295.2803927922434
109.14593043572891,107.97830071423355
70.17923343164233,70.00173400909853
8745.212392527043,2719.987012341981
8745.212392527043,2719.987012341981
120.42754463935502,145.05850091091006
120.42754463935502,145.05850091091006
57.70114120304421,77.43107340520778
180.2663214117944,314.71621161817836
1254.8268424177402,152.11823959465355
15.802518331778844,59.0402205842751
45.83451792703148,96.48965532302462
171.7503289760416,197.08942700686146
63.065637705917496,41.745498100043285
419.5474220332663,133.59394437656434
43.59950995994044,25.559684281907263
8.865207674959935,31.53231152466164
505.2576975103575,22.59846057995428
796.2987909865328,490.0936118398452
1.64446377468543,1.3309026107123259
55.1923959283007,74.06450496803106
10.764746718194573,-0.6919699060752413
337.0220545410971,180.740669954045
37.24098255487124,60.420227196077754
72.22842055425176,97.92763898079843
164.0625468397224,98.23825741476941
389.294001788982,262.88555661660837
389.294001788982,262.88555661660837
0.3387638811030545,0.13445983420544466
27.146456934141973,82.94162507778712
77.44250997644022,43.10583258567511
421.2272885834879,147.0213309566828
9202.007649407373,1970.8233897522164
220.47802261791992,-125.90933564671458
9.578112694325329,23.142195174377136
1.6797221187293967,5.661207278068863
355.87618529323095,153.98529568876978
8.192860026266965,27.682761439253685
109.69757646277985,-6.457898851254403
8.192860026266965,27.682761439253685
70.17382004456034,84.12375760477944
217.42476501861088,157.49171880833444
89.14776426925694,94.48405350471242
89.14776426925694,94.48405350471242
2.724911969794323,6.4439614163710015
71.61459824739897,-46.45659966151012
56.17725329112229,126.41588756094895
625.6966272170725,553.9979376414235
132.16610146594212,126.51680094185002
41.046451720158394,-1.2300881837599358
28.45916837627168,78.8774249724195
46.29454446135923,129.45992865284492
3020.982288243001,239.01963948834253
46.29454446135923,129.45992865284492
42.23479331543015,114.34376555969101
9960.144440197831,61.45987325860498
46.29454446135923,129.45992865284492
46.29454446135923,129.45992865284492
46.29454446135923,129.45992865284492
46.29454446135923,129.45992865284492
46.29454446135923,129.45992865284492
3516.102348907099,-2510.731610681835
46.29454446135923,129.45992865284492
3516.102348907099,-2510.731610681835
15.212670109068224,56.82431513328213
157.6298084347897,80.84980799444399
17412.109496335317,410.2731891930238
17412.109496335317,410.2731891930238
76.8519951913412,87.23124919066777
934.0211952780706,-873.134424290566
934.0211952780706,-873.134424290566
376.48898753295043,624.2629850877579
966.8312452153681,349.97409461734907
1.4471673332530766,0.32930864977377877
42.516093257984494,47.44707558074926
2.8752336809371064,1.0873140177426635
70.17382004456034,84.12375760477944
18.983721164076538,48.42369785869339
21.399479704039855,8.420940218271541
89.49419429240025,135.8488960766499
89.49419429240025,135.8488960766499
89.49419429240025,135.8488960766499
89.49419429240025,135.8488960766499
89.49419429240025,135.8488960766499
89.49419429240025,135.8488960766499
89.49419429240025,135.8488960766499
286.4153201785735,178.03573506500453
89.49419429240025,135.8488960766499
6556.308852734039,-378.2941670900513
1254.8268424177402,152.11823959465355
20.649590746145854,10.62523275520794
20.649590746145854,10.62523275520794
31.598540660732517,17.86902407516059
17.52411705297285,64.363537019293
3525.7734558306647,1287.62338740389
3525.7734558306647,1287.62338740389
3525.7734558306647,1287.62338740389
3525.7734558306647,1287.62338740389
40.858005189660496,72.8660169975928
0.5913162585827387,1.0310243362442717
145.57178106261387,54.10617012908601
14.805618030233719,22.88813439200749
81.02721131068307,105.61426967084317
15.432988018540827,35.298909603650344
39.01653435649852,62.58453394135403
31.046401662370098,101.56059189654619
84.07284924864979,205.57803177313417
30.022032792565593,86.75985041562889
41.624546815147056,61.788670038436805
9.379734662357274,6.86430367573232
141.88849395901676,156.49214217271683
141.88849395901676,156.49214217271683
63.709596366649535,42.73888906370103
81.74799431891388,287.34963971631856
11.872979982086791,34.27439146676885
100.64014209262504,18.752262276542307
1730.0490125770802,159.67236387148463
1429.8739322170206,-690.9211930248954
1338.4615159916464,425.35888608156256
1393.6337739559935,388.07823999039886
1393.6337739559935,388.07823999039886
28.94344986839149,33.550537535435666
340.2281598920686,158.96770047825348
39.0834075426206,-0.0820401876108047
16.99398533355176,16.081959308516083
14.05556491723399,51.57148868122302
1570.54260390705,-3644.3171974148127
4.106393656264175,8.345425329425222
3.2230824136378553,11.407120372746569
16.975207240307945,56.94182940698464
8.410977681717736,25.427523772359987
21.175245850365698,47.71572489682279
62.793893939968854,139.2693632939123
62.793893939968854,139.2693632939123
1775.0522526359177,126.77256373034088
278.60583639542125,-53.990714023570796
62.793893939968854,139.2693632939123
4601.519975621492,1239.4518620360002
4601.519975621492,1239.4518620360002
9.039952391706912,31.004132035981154
176.03349169189335,73.12908375742512
337.0220545410971,180.740669954045
319.5714427112626,361.56617291004363
319.5714427112626,361.56617291004363
319.5714427112626,361.56617291004363
79.71178226449435,146.63512861331157
72.43607111997689,230.13410060525754
115.8890311730548,234.42673011782574
68.26591635829656,164.53349646783045
68.26591635829656,164.53349646783045
68.26591635829656,164.53349646783045
68.26591635829656,164.53349646783045
68.26591635829656,164.53349646783045
46.29454446135923,129.45992865284492
441.1766999632309,270.56189623538785
13827.550833102925,866.3800065032464
57.37989170914146,27.785836651414012
1.0640654539948953,3.891418806652137
37.19867928022368,34.584770162273735
582.9578959305536,220.2644445442989
35.21284199608694,82.67573188039393
35.21284199608694,82.67573188039393
454.51142009223156,-52.19291422276298
5688.9632184764805,899.6096402616162
312.3426634516867,524.9328078568846
52.50482439859845,56.748826483086404
31.436908507899854,36.35548841489795
24.745130223042548,52.363234980584906
3224.9240118816756,367.2179127215187
730.364211652756,274.8979548077997
48.15125345173782,133.6974683790353
130.43291952031268,197.17475626272986
29.364597872138592,40.10834538910913
2750.049938119245,955.1602701992082
89.8429662924114,121.82439588254593
2.172563759979926,2.2115463728625198
51.484353315511505,66.83262412707471
2.172563759979926,2.2115463728625198
2.172563759979926,2.2115463728625198
180.6291607574576,189.91838898478673
193.94972132911798,141.27397867802662
7.210917065286681,-1.3940395633009794
7.210917065286681,-1.3940395633009794
4.0482178186242,-5.436061842902671
4.0482178186242,-5.436061842902671
7.210917065286681,-1.3940395633009794
422.0714528639605,-50.08346467549673
61.774950150625514,34.384999394483465
46.29454446135923,129.45992865284492
281.8413325943783,146.01442577342002
31.02276721539402,89.6518453936313
1.623695455149004,4.08453628309395
1.623695455149004,4.08453628309395
1.623695455149004,4.08453628309395
1.623695455149004,4.08453628309395
1.623695455149004,4.08453628309395
1.623695455149004,4.08453628309395
1.623695455149004,4.08453628309395
3.370947402464272,6.264458367914423
472.9938606630143,213.6101810836026
53.30762257240848,140.4218112283991
36.75182646813283,8.983420713150817
641.4080766399405,232.85927208476755
56.11509095729178,27.01752548179943
88.35018422574684,-318.2543117656326
204.47850796546135,141.95448891930488
222.96982911438306,-243.49023594881803
222.96982911438306,-243.49023594881803
77.44250997644022,43.10583258567511
15.751938343546467,58.31632998711113
15.751570352226734,-12.640467754041346
730.0058004855102,-430.4755418591523
14.282876651874187,19.238677720990605
14.282876651874187,19.238677720990605
684.6249853428576,-482.5631788047987
114.34759471463093,24.32959545628172
60.984550978465805,63.31405236906431
283.3776224679931,-64.03668022998637
16.453693700498835,-13.442377972409087
315.9514851840957,171.36391889632185
26.21311142254652,73.95771837206307
583.6010653062003,249.9609244928888
36.47571880764122,79.6782968187393
2017.086686341751,355.20932765298573
116.12949491302211,306.8360477048992
17.172862386318727,15.895768784927267
82.89099597703962,49.59661101879415
10.04264443839321,10.57676876131279
28.45916837627168,78.8774249724195
15.80371378157006,59.00082025666206
67.13371673201159,67.27607548928019
67.13371673201159,67.27607548928019
62.66286457797306,9.20336549042398
2916.621128758883,170.5701705954468
1254.8268424177402,152.11823959465355
904.2134453481037,-177.9898873543535
54.12223395425553,128.67700717403264
58.92474167578572,121.76492401819523
274.27377053551083,-137.83713013495176
24.243555716995395,38.795831073502626
2342.598159872029,747.8412778539589
1801.8060742128318,576.1682297570871
13071.980612338186,-149.91581448990456
31.02276721539402,89.6518453936313
31.02276721539402,89.6518453936313
31.02276721539402,89.6518453936313
67.82608794749079,71.09568385662476
1427.5836829029186,756.8588490971731
529.4665369470517,233.77549386044856
306.51576765731,174.76868797199606
1484.0125769672918,530.6625298567171
462.49458289932204,2.9098797014788533
462.49458289932204,2.9098797014788533
1.1628218548072708,3.0770347376361498
48.793787989014064,80.11720767253276
37.251814534286055,99.02692639211931
1.1628218548072708,3.0770347376361498
1.1628218548072708,3.0770347376361498
66.84449018774312,-13.410610813581728
1570.54260390705,-3644.3171974148127
31.65139656769022,77.02219104668382
2.2594105921813603,5.089378113733634
13.201577344365994,-4.373082732203664
80.51778537772317,29.07317145058403
80.51778537772317,29.07317145058403
482.4324239613587,-339.78677131131707
788.3256008006157,-393.0773423115051
221.52630117821215,232.8336360875967
44.19973340098661,9.17214382907915
147.85259887322044,175.30308936778277
57.13482365359872,109.23002343798127
39.10933906458512,96.06092275941329
41.71520788738594,70.97831912327575
41.71520788738594,70.97831912327575
46.295930781882355,31.283212083249126
64.39419695440087,129.97861789133458
3.407921488824527,-5.29058051973194
39.93925122266847,59.45775893845009
1842.4518469791885,163.9447544292481
1842.4518469791885,163.9447544292481
1688.52352127685,649.8240369834866
185.4232401500766,16.97124708430523
58.842044649009665,120.82703578482887
40.61244684693287,71.8625579941121
112.91844017466988,137.9577697372212
332.35542046795456,-649.2902588493563
3.0575998145789285,7.750947026081612
44.15401393037011,107.84264866756477
44.15401393037011,107.84264866756477
44.15401393037011,107.84264866756477
44.15401393037011,107.84264866756477
44.15401393037011,107.84264866756477
44.15401393037011,107.84264866756477
44.15401393037011,107.84264866756477
44.15401393037011,107.84264866756477
74.80962207796112,176.628865379415
44.15401393037011,107.84264866756477
152.11374046405032,294.1395676382946
50.572530344241905,130.69432752527726
63.28956820450482,94.11074936130777
44.15401393037011,107.84264866756477
80.32107759248488,207.57334369096944
44.15401393037011,107.84264866756477
2108.411128583772,360.5761596378451
2108.411128583772,360.5761596378451
44.15401393037011,107.84264866756477
309.98866672957115,158.67605357609136
8.81722828919783,11.63202670176343
77.44250997644022,43.10583258567511
1510.264414588196,-1075.36180122029
77.44250997644022,43.10583258567511
60.509602003585506,36.29096900183073
36.47571880764122,79.6782968187393
121.7981269043919,26.249337528013534
137.22462466401734,299.7085380858245
77.44250997644022,43.10583258567511
77.44250997644022,43.10583258567511
67.91593255872905,32.50538498372612
77.44250997644022,43.10583258567511
77.44250997644022,43.10583258567511
77.44250997644022,43.10583258567511
27.84966821130286,32.467336022941616
11.742892400843218,7.683895673291447
63.28956820450482,94.11074936130777
28.597370037363252,60.0012669739109
48.943398654537944,32.572573728637295
1570.54260390705,-3644.3171974148127
15.675899123677096,14.134668475814463
26.007741525019824,64.08388918004776
71.92904400670605,0.05456155629029761
62.42011817511288,14.323265829709985
25.61159767049232,69.02600885079458
77.44250997644022,43.10583258567511
7.610731125299672,22.425465522946975
82.71206651675519,153.98110609485835
10615.646795539482,1463.027736396467
30.48935073590486,35.986650479973626
25.239696492936343,46.14076030970582
237.01853896666927,137.47310556813525
722.765822562524,397.31159230302364
32.7584842286406,12.139097544787056
28.525149769148957,51.89947274711308
28.525149769148957,51.89947274711308
35.49595396269487,92.63250427379042
35.49595396269487,92.63250427379042
33.23815605141248,86.38346206823962
0.19674632443572065,0.030036822023312672
0.8853590197288432,0.13516585013408963
28.98605347733041,66.61637286751096
28.98605347733041,66.61637286751096
77.29173473860037,36.87080456667254
1.4445418659935183,3.7752218255168457
16.262435151026324,60.782907181860004
1.1229497264230366,-1.883043025934715
1758.0453742861741,-130.05788443849463
37.27913228072979,31.368974818231642
60.243837348541,119.5760115639137
1570.54260390705,-3644.3171974148127
18.55884874777553,55.65955788002264
183.6712220905964,165.29448093478393
28.358633086515987,56.19982337876159
63.84164166061381,-6.826569186726131
63.84164166061381,-6.826569186726131
183.6712220905964,165.29448093478393
95.15876048843393,83.75305774205245
89.42951871619297,82.10068953668531
1254.8268424177402,152.11823959465355
143.62878180006214,13.38292703103849
58.89272483750155,-66.19252936297133
30.81224165532712,102.87474556133128
30.81224165532712,102.87474556133128
30.81224165532712,102.87474556133128
30.81224165532712,102.87474556133128
6.694994730740777,18.455624924952065
30.81224165532712,102.87474556133128
81.74799431891388,287.34963971631856
81.74799431891388,287.34963971631856
676.04976336508,298.79177445502
61.58618245619408,59.07986357245161
910.8292028675357,-246.5992476923623
95.15876048843393,83.75305774205245
68.65797101641185,-15.752160770364124
25.52327601818427,77.30719736759036
21.669050202902127,63.71109637467046
31.037029178150043,109.56816420753036
22.993960751430347,9.73553296955304
468.2149667046328,314.39671113676786
1254.8268424177402,152.11823959465355
7.902285325999127,15.06557609514577
23.63901337075136,30.040948029927467
91.30165076881542,-24.817410602760745
15.82152628898695,59.00510765365001
2.9365398502472884,1.968775132337729
33.908490143445064,-3.4446237191500786
5046.263849820599,-962.8218895227535
5046.263849820599,-962.8218895227535
13.841262539825092,23.585564868775435
221.52630117821215,232.8336360875967
414.2100137738947,366.44681437369104
414.2100137738947,366.44681437369104
18.193368598665522,13.229691184429134
995.4417092236135,95.34575786513777
39.13963109636015,60.44020634904653
39.13963109636015,60.44020634904653
39.13963109636015,60.44020634904653
14.602303768052169,17.411862155701773
10.396362138084125,18.760042596409615
13071.980612338186,-149.91581448990456
118.78720591282949,-359.68066654385586
598.0107631139958,-41.08890617829768
101.26212514234399,138.10294247965504
101.26212514234399,138.10294247965504
30.81224165532712,102.87474556133128
7.007651492542435,10.483003392292984
126.98533574081381,230.29361941633624
221.5399927150347,153.3497337274414
458.15765764229945,0.43014646060668893
76.88031615878106,34.606733157056574
154.1028520690814,132.43422902416665
3852.784406948583,267.24978743018465
103.81952583630648,28.705790573126528
315.9514851840957,171.36391889632185
71.76734817496234,124.14472797319698
94.37457159965199,301.436784580962
15.841756631887431,58.96730146566931
24.594504418006146,19.712834351769533
30.35454483233606,82.88339312966839
11.776644571604388,13.887647166824484
37.97781828385728,101.06773228698091
33.70698806868981,87.44868710059731
109.69757646277985,-6.457898851254403
337.0220545410971,180.740669954045
5277.830512749964,967.5284458885901
39.672910223832744,56.75414645772423
8.81722828919783,11.63202670176343
3368.871654972068,184.7486724551914
3368.871654972068,184.7486724551914
3368.871654972068,184.7486724551914
271.2805760833024,469.2670716588893
10.351089670594515,27.64441420864247
150.96518646651114,145.5913081043304
343.13638846713843,213.0899602791232
30.338479390358195,87.64321828405652
437.9138997731052,155.2458062322469
11.742892400843218,7.683895673291447
3.908732418733761,5.904795149424108
330.9399725690343,160.74215033567978
318.60461012361225,138.01213114381056
105.62304915250516,154.86123162665
75.34608481982052,84.09902165663365
25.348146956129966,78.84513337586553
50.98197765036246,113.92815940810974
421.2272885834879,147.0213309566828
31.44048766044531,25.154407422903386
276.8860742711501,457.8616538515211
3.908732418733761,5.904795149424108
70.61045639713493,205.21773697153088
68.26591635829656,164.53349646783045
16.262435151026324,60.782907181860004
10125.64526233268,696.5134248410201
36.64085765624619,96.79551468324613
333.05791843149206,175.87823634814023
17188.0479526784,-15637.111284980467
8.677130493414568,31.642782999092475
70.11744799445896,125.32971271682808
63.709596366649535,42.73888906370103
63.709596366649535,42.73888906370103
31.65139656769022,77.02219104668382
5310.185840313291,-5251.954029213666
139.75605779332727,-131.03084303013893
478.32214232367767,187.09605408480462
1630.7132960961449,-102.56028519608664
12.807335186948002,17.24952928261863
4181.333140115071,1434.0744599741356
114.81922919622068,319.19659277714874
114.81922919622068,319.19659277714874
114.81922919622068,319.19659277714874
38.6994226576311,53.68837156268587
34.82171037978239,100.94036671077701
21.500369258301884,-4.223692431076743
327.51574887904235,187.56845337777443
17.41330616888314,60.40315675724692
9337.880550148466,138.57683968248944
1530.4882010966762,4.584364394873534
366.58540380311916,197.2696339984475
103.92696220085331,55.92594137647359
32.133780436409126,119.1305263965634
32.133780436409126,119.1305263965634
2.1404652415795704,7.989032876394087
2.1404652415795704,7.989032876394087
23.2354518002264,-11.227469290855339
299.33116527928456,111.377186117744
37.72340230660813,-9.680341149716241
16.266976374131296,60.75017010990735
392.7367376327385,550.3327829007529
14.521295983840858,39.10382984175216
45.08345650159934,6.0943728110521596
2719.3954949252243,1221.1175047747035
3730.6060513352363,1540.1905812317166
15.155035035249776,29.87041806256804
18176.600297965113,5005.821792284675
18176.600297965113,5005.821792284675
34.30494199408561,66.84654660309043
283.8783955621641,-679.1208003977472
22.437090073923308,63.1447605430247
1254.8268424177402,152.11823959465355
130.69472066901204,133.3468572067785
31.037029178150043,109.56816420753036
11.742892400843218,7.683895673291447
1482.036613975444,-227.22199755150453
40.881687756195575,90.25745027017786
40.881687756195575,90.25745027017786
21.181337949850942,48.02210215033725
94.91666035860186,157.32355978229182
94.91666035860186,157.32355978229182
94.91666035860186,157.32355978229182
426.8421138761208,43.52838911799547
72.62144217906148,267.82526565476223
37.12163283914888,60.53415663698697
499.6164467251806,176.38749721756972
129.9954225328318,122.50878183652476
47.012034716707575,18.59697518707411
53.225373854287696,30.485079115456774
3.572513250851443,1.9199797921839925
3.572513250851443,1.9199797921839925
39.40939529961542,64.88365065572695
12.28694008893738,29.2836533141208
12.28694008893738,29.2836533141208
29.333824675472272,8.357304465152358
58.92474167578572,121.76492401819523
3.908732418733761,5.904795149424108
196.2770616296716,135.55434372962262
94.07451273742781,63.607029153858676
273.29404713860686,185.69692665322412
134.44397820217137,124.72648142294668
17.201552236678182,40.19683595723956
17090.998084609746,-62.84764635799688
1592.7396608720903,-12.985838298234567
41124.62730424862,-146.82491975674324
25990.651658283325,-66.39599233786629
553.0714638621595,274.2553326378164
3141.1922992493833,70.67454023759167
19.8074865075298,58.28597773822372
19.8074865075298,58.28597773822372
420.97299560111924,238.67953492361107
2.546142198750188,7.183441948327788
31.628503772119377,85.1052649616227
74.94108908416624,180.46135964872622
441.1766999632309,270.56189623538785
713.1487533558926,309.20148531917397
15.439814900339213,43.01046135084437
15.439814900339213,43.01046135084437
52.26930569859199,72.99067797604825
47.10479542677173,44.2440643577144
160.51877937064557,99.22543671550252
67.6504968048947,76.19439351438052
70.99614422748421,124.91044959244515
5481.555797639673,1825.3885545368464
70.99614422748421,124.91044959244515
95.34667294928134,100.54821597868052
88.12111992460218,93.32975594496263
17.749035774740666,31.227612265289395
21.573557225422967,44.28953809256257
70.99614422748421,124.91044959244515
3.5615857879637467,5.243203141544252
13.331224260000367,16.090994916963773
13.331224260000367,16.090994916963773
25.39504788565898,50.446078593748645
70.13280632920035,153.21443958145412
48.14779165247425,27.773136077912138
1.848336132829436,6.0114078989175725
40.5500008306625,104.33355785982175
2850.0265350236846,110.76652802674059
2850.0265350236846,110.76652802674059
5688.9632184764805,899.6096402616162
5688.9632184764805,899.6096402616162
5688.9632184764805,899.6096402616162
11970.364501634467,2649.343571432226
5688.9632184764805,899.6096402616162
5688.9632184764805,899.6096402616162
15.965887407213541,58.05765939727721
2864.3935140424032,404.066616565403
403.1825994115717,245.46545680682976
5688.9632184764805,899.6096402616162
3206.5999596364695,1007.2745201785152
1225.2029919161955,-1509.5546322865507
2997.2107623687652,401.4061464074095
27.484619149628355,57.459087301599226
33.01940112282512,70.99828719454068
33.01940112282512,70.99828719454068
35.025704924659806,101.21982548490028
7.519210727423332,23.64500906611091
0.5390935069688261,1.4072723036517096
89.42951871619297,82.10068953668531
23.042087782267597,71.22338864402
23.042087782267597,71.22338864402
149.19688754254233,156.8354118706517
15.81513515432042,58.9631754678739
2.478289893257705,6.600099175734791
10.526426968899695,26.264239563241425
53.544753797658196,24.80592557065558
3.0414779603159645,1.220015156445021
1097.8161524102525,-1658.203214071799
24.14695298606895,69.75684721163469
1.8404228923028598,3.936823010094694
95.15876048843393,83.75305774205245
552.4873519391161,345.7329321570885
182.02272702782975,-77.37750508261318
70.61045639713493,205.21773697153088
18.554712347117547,29.699783010509073
16.262435151026324,60.782907181860004
26.007741525019824,64.08388918004776
18.554712347117547,29.699783010509073
185.61046911750614,190.46043761119316
31.65139656769022,77.02219104668382
31.469279669259908,102.9741794242078
31.436908507899854,36.35548841489795
164.0625468397224,98.23825741476941
164.0625468397224,98.23825741476941
21.569540570715066,60.89880413556862
97.24143218349515,82.19300355219104
837.9555198767257,955.9147685141943
131.9424127269764,95.05810936920186
279.5226470153407,168.33628259571287
70.99614422748421,124.91044959244515
23.578985185260656,17.953734833877835
3.956392601870715,10.298691275002884
343.13638846713843,213.0899602791232
31.436908507899854,36.35548841489795
140.6264203456654,360.7002064386958
213.25456509148677,196.81982574474668
23.203051786390628,6.606941251476095
181.63521336503143,121.14812252319518
4.023315772572194,6.907944343676133
4.023315772572194,6.907944343676133
89.42951871619297,82.10068953668531
89.42951871619297,82.10068953668531
89.42951871619297,82.10068953668531
120.81622879653501,16.694595617174556
